L1 480
L2 480
num_vehicles 12
num_zones 40
Lx 20
Ly 20
Q1 900
Q2 5100
V 30
Depot 10 10
IF 0 0
IF1 20 0
Dumpsite 10 60
epsilon 20
offset 240
k 6
1 14.0 12.0 73.0 348.0
2 0.0 0.0 116.0 372.0
3 12.0 6.0 79.0 374.0
4 7.0 3.0 84.0 380.0
5 14.0 19.0 74.0 323.0
6 16.0 10.0 87.0 367.0
7 9.0 6.0 70.0 324.0
8 7.0 7.0 86.0 391.0
9 6.0 4.0 61.0 389.0
10 12.0 16.0 87.0 320.0
11 18.0 6.0 103.0 305.0
12 5.0 1.0 64.0 317.0
13 4.0 9.0 106.0 328.0
14 14.0 3.0 116.0 351.0
15 2.0 3.0 119.0 318.0
16 12.0 4.0 89.0 307.0
17 0.0 17.0 114.0 378.0
18 13.0 0.0 84.0 306.0
19 7.0 8.0 73.0 305.0
20 10.0 16.0 99.0 372.0
21 15.0 6.0 66.0 310.0
22 17.0 14.0 90.0 323.0
23 13.0 0.0 87.0 365.0
24 18.0 1.0 88.0 355.0
25 0.0 7.0 93.0 379.0
26 6.0 7.0 102.0 386.0
27 15.0 9.0 118.0 321.0
28 14.0 19.0 77.0 391.0
29 13.0 15.0 68.0 302.0
30 12.0 14.0 79.0 320.0
31 12.0 14.0 65.0 348.0
32 18.0 0.0 81.0 309.0
33 18.0 7.0 101.0 395.0
34 16.0 2.0 79.0 344.0
35 10.0 8.0 101.0 387.0
36 18.0 0.0 77.0 325.0
37 4.0 14.0 90.0 348.0
38 8.0 17.0 67.0 313.0
39 16.0 8.0 74.0 341.0
40 11.0 11.0 78.0 300.0