L1 480
L2 480
num_vehicles 12
num_zones 40
Lx 20
Ly 20
Q1 900
Q2 5100
V 30
Depot 10 10
IF 0 0
IF1 20 0
Dumpsite 10 60
epsilon 20
offset 240
k 6
1 14.0 19.0 70.0 376.0
2 1.0 14.0 80.0 304.0
3 4.0 4.0 113.0 373.0
4 19.0 10.0 97.0 386.0
5 4.0 15.0 91.0 305.0
6 1.0 15.0 104.0 333.0
7 4.0 10.0 79.0 390.0
8 16.0 15.0 95.0 377.0
9 16.0 8.0 89.0 336.0
10 12.0 3.0 118.0 326.0
11 0.0 10.0 65.0 384.0
12 9.0 11.0 79.0 373.0
13 7.0 16.0 68.0 364.0
14 5.0 3.0 109.0 391.0
15 1.0 18.0 111.0 370.0
16 3.0 10.0 116.0 359.0
17 17.0 17.0 103.0 318.0
18 13.0 14.0 67.0 354.0
19 19.0 8.0 115.0 351.0
20 19.0 8.0 72.0 330.0
21 19.0 18.0 68.0 306.0
22 10.0 11.0 71.0 325.0
23 11.0 0.0 85.0 336.0
24 5.0 6.0 62.0 372.0
25 16.0 9.0 94.0 346.0
26 10.0 15.0 106.0 398.0
27 6.0 4.0 117.0 388.0
28 17.0 8.0 88.0 340.0
29 19.0 14.0 84.0 397.0
30 3.0 11.0 76.0 300.0
31 11.0 6.0 67.0 307.0
32 4.0 11.0 77.0 364.0
33 2.0 18.0 104.0 308.0
34 14.0 15.0 91.0 327.0
35 0.0 13.0 77.0 377.0
36 15.0 0.0 111.0 328.0
37 3.0 16.0 99.0 352.0
38 10.0 11.0 66.0 355.0
39 8.0 3.0 83.0 335.0
40 10.0 2.0 82.0 301.0