L1 480
L2 480
num_vehicles 12
num_zones 20
Lx 20
Ly 20
Q1 900
Q2 5100
V 30
Depot 10 10
IF 0 0
IF1 20 0
Dumpsite 10 60
epsilon 20
offset 240
k 6
1 11.0 13.0 99.0 397.0
2 5.0 15.0 116.0 343.0
3 5.0 10.0 87.0 399.0
4 2.0 1.0 70.0 377.0
5 16.0 2.0 70.0 373.0
6 15.0 0.0 116.0 327.0
7 2.0 19.0 72.0 366.0
8 15.0 3.0 117.0 393.0
9 15.0 15.0 92.0 336.0
10 19.0 6.0 85.0 343.0
11 10.0 9.0 72.0 342.0
12 12.0 1.0 86.0 357.0
13 1.0 6.0 71.0 391.0
14 7.0 5.0 64.0 307.0
15 8.0 3.0 73.0 342.0
16 14.0 12.0 101.0 324.0
17 2.0 4.0 99.0 381.0
18 1.0 0.0 97.0 320.0
19 7.0 12.0 84.0 316.0
20 6.0 8.0 78.0 371.0