L1 480
L2 480
num_vehicles 12
num_zones 20
Lx 20
Ly 20
Q1 900
Q2 5100
V 30
Depot 10 10
IF 0 0
IF1 20 0
Dumpsite 10 60
epsilon 20
offset 240
k 6
1 9.0 6.0 62.0 370.0
2 4.0 7.0 72.0 300.0
3 3.0 10.0 111.0 338.0
4 10.0 3.0 77.0 369.0
5 15.0 10.0 69.0 324.0
6 8.0 14.0 67.0 349.0
7 13.0 8.0 109.0 371.0
8 6.0 19.0 86.0 340.0
9 6.0 8.0 95.0 332.0
10 3.0 10.0 65.0 305.0
11 18.0 5.0 114.0 368.0
12 0.0 13.0 106.0 353.0
13 14.0 7.0 89.0 382.0
14 6.0 4.0 111.0 348.0
15 6.0 13.0 111.0 380.0
16 3.0 10.0 77.0 324.0
17 12.0 18.0 96.0 352.0
18 8.0 12.0 108.0 302.0
19 15.0 14.0 66.0 318.0
20 0.0 15.0 96.0 338.0