L1 480
L2 480
num_vehicles 12
num_zones 20
Lx 20
Ly 20
Q1 900
Q2 5100
V 30
Depot 10 10
IF 0 0
IF1 20 0
Dumpsite 10 60
epsilon 20
offset 240
k 6
1 9.0 1.0 107.0 322.0
2 18.0 1.0 84.0 363.0
3 8.0 1.0 63.0 335.0
4 10.0 18.0 119.0 317.0
5 1.0 5.0 64.0 388.0
6 14.0 4.0 75.0 319.0
7 18.0 2.0 64.0 304.0
8 16.0 18.0 93.0 364.0
9 13.0 16.0 82.0 369.0
10 1.0 4.0 114.0 393.0
11 11.0 4.0 77.0 318.0
12 9.0 5.0 85.0 372.0
13 10.0 9.0 63.0 347.0
14 0.0 8.0 75.0 390.0
15 6.0 4.0 99.0 310.0
16 9.0 15.0 109.0 318.0
17 11.0 2.0 77.0 385.0
18 17.0 9.0 114.0 374.0
19 4.0 6.0 61.0 304.0
20 3.0 5.0 76.0 303.0