L1 480
L2 480
num_vehicles 12
num_zones 20
Lx 20
Ly 20
Q1 900
Q2 5100
V 30
Depot 10 10
IF 0 0
IF1 20 0
Dumpsite 10 60
epsilon 20
offset 240
k 6
1 2.0 18.0 105.0 368.0
2 16.0 4.0 89.0 387.0
3 9.0 9.0 100.0 395.0
4 2.0 8.0 83.0 391.0
5 9.0 18.0 112.0 317.0
6 10.0 10.0 97.0 389.0
7 1.0 17.0 65.0 340.0
8 3.0 12.0 61.0 316.0
9 9.0 12.0 82.0 393.0
10 0.0 7.0 104.0 341.0
11 11.0 12.0 61.0 372.0
12 16.0 19.0 96.0 397.0
13 17.0 17.0 99.0 338.0
14 8.0 12.0 68.0 364.0
15 13.0 0.0 91.0 351.0
16 16.0 9.0 91.0 374.0
17 19.0 16.0 64.0 330.0
18 17.0 13.0 64.0 329.0
19 3.0 11.0 98.0 326.0
20 15.0 4.0 98.0 332.0