L1 480
L2 480
num_vehicles 12
num_zones 20
Lx 20
Ly 20
Q1 900
Q2 5100
V 30
Depot 10 10
IF 0 0
IF1 20 0
Dumpsite 10 60
epsilon 20
offset 240
k 6
1 17.0 8.0 80.0 372.0
2 15.0 11.0 77.0 356.0
3 8.0 1.0 118.0 331.0
4 16.0 12.0 71.0 323.0
5 10.0 5.0 114.0 379.0
6 5.0 14.0 79.0 371.0
7 14.0 18.0 67.0 358.0
8 5.0 8.0 96.0 323.0
9 2.0 12.0 76.0 373.0
10 1.0 16.0 95.0 382.0
11 13.0 14.0 112.0 343.0
12 6.0 4.0 93.0 395.0
13 7.0 8.0 94.0 329.0
14 6.0 5.0 88.0 343.0
15 16.0 13.0 70.0 345.0
16 16.0 5.0 77.0 307.0
17 4.0 4.0 106.0 313.0
18 11.0 18.0 65.0 397.0
19 12.0 8.0 82.0 334.0
20 6.0 2.0 115.0 339.0