L1 480
L2 480
num_vehicles 12
num_zones 20
Lx 20
Ly 20
Q1 900
Q2 5100
V 30
Depot 10 10
IF 0 0
IF1 20 0
Dumpsite 10 60
epsilon 20
offset 240
k 6
1 0.0 18.0 111.0 376.0
2 12.0 11.0 93.0 384.0
3 9.0 7.0 106.0 313.0
4 6.0 18.0 61.0 317.0
5 15.0 17.0 75.0 381.0
6 4.0 15.0 106.0 316.0
7 2.0 15.0 111.0 391.0
8 11.0 0.0 90.0 327.0
9 15.0 9.0 114.0 324.0
10 8.0 11.0 76.0 322.0
11 3.0 17.0 66.0 394.0
12 9.0 18.0 85.0 306.0
13 1.0 3.0 80.0 306.0
14 1.0 10.0 92.0 392.0
15 4.0 14.0 108.0 315.0
16 10.0 17.0 66.0 321.0
17 10.0 19.0 93.0 342.0
18 9.0 17.0 71.0 397.0
19 5.0 3.0 102.0 362.0
20 18.0 18.0 86.0 393.0