L1 480
L2 480
num_vehicles 12
num_zones 20
Lx 20
Ly 20
Q1 900
Q2 5100
V 30
Depot 10 10
IF 0 0
IF1 20 0
Dumpsite 10 60
epsilon 20
offset 240
k 6
1 15.0 10.0 63.0 381.0
2 13.0 7.0 61.0 325.0
3 12.0 7.0 86.0 378.0
4 3.0 11.0 63.0 382.0
5 18.0 17.0 115.0 300.0
6 0.0 16.0 73.0 346.0
7 19.0 8.0 110.0 338.0
8 16.0 18.0 104.0 322.0
9 15.0 0.0 94.0 384.0
10 0.0 18.0 73.0 374.0
11 7.0 4.0 105.0 343.0
12 12.0 8.0 118.0 385.0
13 11.0 4.0 118.0 390.0
14 10.0 5.0 88.0 334.0
15 5.0 15.0 94.0 399.0
16 18.0 17.0 80.0 304.0
17 15.0 13.0 94.0 312.0
18 17.0 13.0 60.0 335.0
19 15.0 13.0 73.0 362.0
20 4.0 9.0 93.0 308.0