L1 480
L2 480
num_vehicles 12
num_zones 20
Lx 20
Ly 20
Q1 900
Q2 5100
V 30
Depot 10 10
IF 0 0
IF1 20 0
Dumpsite 10 60
epsilon 20
offset 240
k 6
1 19.0 10.0 114.0 398.0
2 10.0 2.0 109.0 377.0
3 10.0 3.0 100.0 305.0
4 17.0 18.0 72.0 383.0
5 8.0 7.0 107.0 338.0
6 14.0 10.0 101.0 300.0
7 18.0 15.0 70.0 362.0
8 7.0 15.0 90.0 313.0
9 6.0 6.0 105.0 386.0
10 10.0 11.0 60.0 345.0
11 5.0 3.0 106.0 363.0
12 15.0 18.0 96.0 313.0
13 16.0 19.0 86.0 385.0
14 0.0 2.0 62.0 360.0
15 6.0 13.0 80.0 337.0
16 15.0 5.0 101.0 394.0
17 12.0 15.0 99.0 333.0
18 18.0 7.0 85.0 326.0
19 15.0 16.0 62.0 340.0
20 2.0 6.0 71.0 321.0