L1 480
L2 480
num_vehicles 12
num_zones 20
Lx 20
Ly 20
Q1 900
Q2 5100
V 30
Depot 10 10
IF 0 0
IF1 20 0
Dumpsite 10 60
epsilon 20
offset 240
k 6
1 10.0 2.0 80.0 376.0
2 10.0 0.0 86.0 392.0
3 12.0 17.0 112.0 360.0
4 0.0 12.0 92.0 321.0
5 3.0 10.0 115.0 333.0
6 1.0 10.0 82.0 394.0
7 17.0 15.0 119.0 303.0
8 19.0 2.0 103.0 319.0
9 4.0 2.0 82.0 356.0
10 13.0 9.0 101.0 327.0
11 8.0 2.0 79.0 303.0
12 11.0 14.0 108.0 384.0
13 13.0 9.0 92.0 311.0
14 4.0 5.0 75.0 320.0
15 17.0 1.0 114.0 311.0
16 19.0 0.0 73.0 387.0
17 2.0 16.0 88.0 349.0
18 12.0 0.0 89.0 309.0
19 10.0 2.0 88.0 396.0
20 9.0 13.0 77.0 347.0