L1 480
L2 480
num_vehicles 12
num_zones 20
Lx 20
Ly 20
Q1 900
Q2 5100
V 30
Depot 10 10
IF 0 0
IF1 20 0
Dumpsite 10 60
epsilon 20
offset 240
k 6
1 6.0 7.0 63.0 309.0
2 12.0 2.0 83.0 349.0
3 7.0 4.0 119.0 309.0
4 18.0 1.0 100.0 370.0
5 9.0 17.0 69.0 394.0
6 15.0 5.0 98.0 340.0
7 18.0 2.0 108.0 349.0
8 5.0 11.0 64.0 360.0
9 7.0 6.0 80.0 377.0
10 4.0 14.0 109.0 381.0
11 13.0 12.0 76.0 390.0
12 19.0 13.0 94.0 395.0
13 9.0 0.0 87.0 364.0
14 19.0 1.0 118.0 316.0
15 7.0 13.0 67.0 390.0
16 18.0 1.0 78.0 334.0
17 11.0 2.0 88.0 361.0
18 13.0 15.0 93.0 365.0
19 15.0 12.0 113.0 369.0
20 5.0 10.0 65.0 316.0