L1 480
L2 480
num_vehicles 12
num_zones 20
Lx 20
Ly 20
Q1 900
Q2 5100
V 30
Depot 10 10
IF 0 0
IF1 20 0
Dumpsite 10 60
epsilon 20
offset 240
k 6
1 19.0 1.0 100.0 340.0
2 18.0 17.0 94.0 382.0
3 17.0 11.0 78.0 339.0
4 13.0 9.0 96.0 330.0
5 17.0 17.0 116.0 355.0
6 4.0 16.0 103.0 363.0
7 14.0 6.0 117.0 392.0
8 1.0 15.0 78.0 372.0
9 8.0 10.0 83.0 368.0
10 11.0 1.0 64.0 390.0
11 18.0 14.0 91.0 380.0
12 9.0 9.0 64.0 395.0
13 1.0 19.0 64.0 359.0
14 3.0 11.0 85.0 376.0
15 14.0 3.0 64.0 311.0
16 3.0 18.0 110.0 333.0
17 3.0 1.0 93.0 341.0
18 13.0 0.0 62.0 384.0
19 5.0 16.0 109.0 314.0
20 6.0 7.0 89.0 311.0