L1 480
L2 480
num_vehicles 12
num_zones 20
Lx 20
Ly 20
Q1 900
Q2 5100
V 30
Depot 10 10
IF 0 0
IF1 20 0
Dumpsite 10 60
epsilon 20
offset 240
k 6
1 1.0 0.0 64.0 390.0
2 11.0 18.0 66.0 346.0
3 10.0 2.0 61.0 354.0
4 17.0 3.0 61.0 356.0
5 11.0 16.0 114.0 307.0
6 17.0 1.0 62.0 369.0
7 13.0 14.0 109.0 345.0
8 18.0 14.0 91.0 392.0
9 15.0 5.0 77.0 369.0
10 10.0 6.0 84.0 351.0
11 9.0 13.0 103.0 344.0
12 15.0 17.0 81.0 359.0
13 17.0 2.0 74.0 342.0
14 1.0 1.0 99.0 319.0
15 5.0 1.0 96.0 373.0
16 1.0 10.0 118.0 367.0
17 11.0 1.0 74.0 345.0
18 0.0 16.0 77.0 323.0
19 3.0 16.0 103.0 384.0
20 13.0 5.0 95.0 327.0