L1 480
L2 480
num_vehicles 12
num_zones 20
Lx 20
Ly 20
Q1 900
Q2 5100
V 30
Depot 10 10
IF 0 0
IF1 20 0
Dumpsite 10 60
epsilon 20
offset 240
k 6
1 3.0 15.0 108.0 324.0
2 0.0 15.0 90.0 329.0
3 6.0 11.0 86.0 368.0
4 6.0 18.0 95.0 317.0
5 13.0 10.0 118.0 368.0
6 10.0 15.0 80.0 385.0
7 5.0 3.0 103.0 328.0
8 15.0 1.0 114.0 339.0
9 7.0 4.0 77.0 325.0
10 7.0 19.0 69.0 392.0
11 17.0 11.0 73.0 319.0
12 15.0 13.0 79.0 311.0
13 17.0 10.0 83.0 356.0
14 6.0 17.0 65.0 304.0
15 1.0 17.0 87.0 380.0
16 13.0 8.0 100.0 339.0
17 17.0 0.0 72.0 324.0
18 14.0 9.0 105.0 300.0
19 16.0 4.0 95.0 321.0
20 19.0 15.0 118.0 382.0