L1 480
L2 480
num_vehicles 12
num_zones 20
Lx 20
Ly 20
Q1 900
Q2 5100
V 30
Depot 10 10
IF 0 0
IF1 20 0
Dumpsite 10 60
epsilon 20
offset 240
k 6
1 11.0 15.0 70.0 319.0
2 11.0 9.0 69.0 371.0
3 16.0 19.0 84.0 395.0
4 18.0 17.0 119.0 370.0
5 14.0 2.0 86.0 396.0
6 12.0 15.0 84.0 310.0
7 7.0 12.0 83.0 352.0
8 4.0 19.0 85.0 378.0
9 9.0 12.0 111.0 390.0
10 18.0 6.0 97.0 322.0
11 10.0 2.0 70.0 357.0
12 1.0 14.0 110.0 387.0
13 15.0 16.0 103.0 334.0
14 13.0 10.0 111.0 369.0
15 4.0 4.0 110.0 324.0
16 5.0 13.0 71.0 306.0
17 1.0 9.0 113.0 388.0
18 6.0 3.0 112.0 350.0
19 8.0 15.0 95.0 312.0
20 15.0 5.0 93.0 331.0