L1 480
L2 480
num_vehicles 12
num_zones 20
Lx 20
Ly 20
Q1 900
Q2 5100
V 30
Depot 10 10
IF 0 0
IF1 20 0
Dumpsite 10 60
epsilon 20
offset 240
k 6
1 6.0 19.0 70.0 359.0
2 14.0 18.0 106.0 349.0
3 4.0 2.0 90.0 381.0
4 9.0 9.0 111.0 323.0
5 17.0 19.0 83.0 336.0
6 19.0 2.0 97.0 304.0
7 6.0 8.0 88.0 394.0
8 14.0 15.0 100.0 399.0
9 16.0 8.0 83.0 320.0
10 12.0 9.0 69.0 385.0
11 1.0 16.0 74.0 359.0
12 16.0 10.0 65.0 353.0
13 19.0 7.0 66.0 312.0
14 9.0 13.0 118.0 376.0
15 14.0 4.0 63.0 399.0
16 8.0 14.0 115.0 300.0
17 14.0 13.0 74.0 328.0
18 2.0 12.0 92.0 399.0
19 6.0 12.0 85.0 398.0
20 4.0 3.0 63.0 391.0