L1 480
L2 480
num_vehicles 12
num_zones 20
Lx 20
Ly 20
Q1 900
Q2 5100
V 30
Depot 10 10
IF 0 0
IF1 20 0
Dumpsite 10 60
epsilon 20
offset 240
k 6
1 3.0 2.0 80.0 355.0
2 5.0 6.0 78.0 311.0
3 15.0 13.0 88.0 328.0
4 16.0 6.0 86.0 345.0
5 15.0 15.0 86.0 354.0
6 11.0 6.0 88.0 339.0
7 5.0 6.0 81.0 383.0
8 6.0 6.0 115.0 333.0
9 0.0 18.0 88.0 388.0
10 7.0 19.0 100.0 302.0
11 5.0 10.0 78.0 384.0
12 7.0 17.0 60.0 332.0
13 12.0 2.0 110.0 320.0
14 5.0 5.0 81.0 303.0
15 3.0 17.0 76.0 326.0
16 4.0 6.0 60.0 329.0
17 5.0 18.0 62.0 336.0
18 18.0 9.0 98.0 392.0
19 0.0 8.0 100.0 315.0
20 3.0 15.0 62.0 329.0