L1 480
L2 480
num_vehicles 12
num_zones 20
Lx 20
Ly 20
Q1 900
Q2 5100
V 30
Depot 10 10
IF 0 0
IF1 20 0
Dumpsite 10 60
epsilon 20
offset 240
k 6
1 10.0 6.0 90.0 301.0
2 18.0 10.0 103.0 371.0
3 1.0 3.0 117.0 322.0
4 16.0 8.0 95.0 321.0
5 16.0 8.0 78.0 306.0
6 11.0 18.0 83.0 336.0
7 15.0 18.0 104.0 375.0
8 11.0 8.0 73.0 358.0
9 14.0 7.0 97.0 340.0
10 7.0 16.0 91.0 371.0
11 7.0 10.0 79.0 339.0
12 15.0 8.0 93.0 392.0
13 3.0 6.0 88.0 392.0
14 0.0 8.0 104.0 332.0
15 5.0 11.0 90.0 369.0
16 17.0 18.0 62.0 371.0
17 13.0 14.0 83.0 306.0
18 13.0 7.0 75.0 317.0
19 14.0 3.0 113.0 392.0
20 18.0 4.0 60.0 385.0