L1 480
L2 480
num_vehicles 12
num_zones 20
Lx 20
Ly 20
Q1 900
Q2 5100
V 30
Depot 10 10
IF 0 0
IF1 20 0
Dumpsite 10 60
epsilon 20
offset 240
k 6
1 5.0 11.0 65.0 395.0
2 14.0 4.0 76.0 371.0
3 3.0 11.0 60.0 332.0
4 19.0 13.0 101.0 360.0
5 11.0 18.0 112.0 302.0
6 1.0 6.0 114.0 306.0
7 19.0 6.0 63.0 338.0
8 3.0 12.0 117.0 312.0
9 9.0 14.0 96.0 353.0
10 7.0 6.0 102.0 339.0
11 13.0 8.0 104.0 347.0
12 12.0 0.0 115.0 313.0
13 2.0 10.0 93.0 365.0
14 5.0 4.0 81.0 300.0
15 9.0 3.0 86.0 328.0
16 12.0 2.0 100.0 341.0
17 7.0 1.0 68.0 381.0
18 11.0 10.0 70.0 367.0
19 15.0 2.0 94.0 353.0
20 14.0 2.0 65.0 367.0