L1 480
L2 480
num_vehicles 12
num_zones 20
Lx 20
Ly 20
Q1 900
Q2 5100
V 30
Depot 10 10
IF 0 0
IF1 20 0
Dumpsite 10 60
epsilon 20
offset 240
k 6
1 11.0 17.0 79.0 339.0
2 11.0 15.0 85.0 369.0
3 15.0 4.0 106.0 383.0
4 5.0 19.0 100.0 320.0
5 17.0 12.0 95.0 359.0
6 19.0 10.0 81.0 320.0
7 5.0 18.0 111.0 303.0
8 2.0 16.0 68.0 335.0
9 5.0 4.0 84.0 305.0
10 1.0 15.0 115.0 310.0
11 7.0 1.0 62.0 339.0
12 18.0 17.0 95.0 365.0
13 12.0 16.0 60.0 301.0
14 9.0 2.0 81.0 342.0
15 9.0 18.0 63.0 341.0
16 11.0 16.0 89.0 355.0
17 9.0 2.0 71.0 359.0
18 4.0 9.0 110.0 347.0
19 8.0 6.0 63.0 389.0
20 6.0 9.0 60.0 353.0