L1 480
L2 480
num_vehicles 12
num_zones 20
Lx 20
Ly 20
Q1 900
Q2 5100
V 30
Depot 10 10
IF 0 0
IF1 20 0
Dumpsite 10 60
epsilon 20
offset 240
k 6
1 9.0 1.0 96.0 329.0
2 14.0 10.0 77.0 389.0
3 1.0 10.0 97.0 374.0
4 3.0 1.0 96.0 315.0
5 13.0 7.0 98.0 331.0
6 3.0 1.0 104.0 301.0
7 8.0 13.0 72.0 387.0
8 18.0 16.0 105.0 309.0
9 12.0 1.0 111.0 351.0
10 5.0 16.0 96.0 323.0
11 13.0 12.0 65.0 360.0
12 2.0 18.0 100.0 333.0
13 7.0 0.0 66.0 330.0
14 9.0 7.0 114.0 363.0
15 19.0 10.0 69.0 342.0
16 1.0 16.0 97.0 313.0
17 3.0 4.0 116.0 317.0
18 11.0 7.0 118.0 365.0
19 17.0 1.0 72.0 353.0
20 14.0 2.0 101.0 376.0